<<<<<<< Updated upstream
Time,ID,Tx,Ty,Tz,R00,R01,R02,R10,R11,R12,R20,R21,R22,BetaX,BetaY,BetaZ,AlphaX,AlphaY,AlphaZ
2025-07-25 14:15:16.137,0,-0.03612260930927746,0.08206755661816614,0.2094461433359685,0.10683495848018765,-0.9934864736649853,0.039634811608599656,0.9930231535817248,0.10861658059626955,0.04590702419217205,-0.0499130052906376,0.034453810591669506,0.998159118997853
2025-07-25 14:15:16.240,0,-0.03372651440774559,0.07417411744863756,0.2084318745359192,0.01827754918214497,-0.9993415612543488,0.031342864349238705,0.9908965597857959,0.022287158674346275,0.1327678061990164,-0.13337893012229987,0.028630866349885497,0.9906514697367009
2025-07-25 14:15:16.271,0,-0.03431820877392939,0.07238942642847936,0.20858886535407523,0.02239518769330437,-0.9977034221029274,0.06392446395779175,0.9841027829485344,0.03326758984162517,0.17445624110096974,-0.1761822016014444,0.0590012626156317,0.9825877481673732
2025-07-25 14:15:16.309,0,-0.03517062494376523,0.07117535846166859,0.20846092394171473,0.022872927002983268,-0.9969767881545372,0.07425707435240687,0.9826938741313131,0.036077899457182705,0.1816896665073382,-0.18381941941782567,0.06881619759780494,0.9805481895312812
2025-07-25 14:15:16.337,0,-0.0360102980586474,0.07065912168203586,0.20855826246314674,0.01910604385645656,-0.9967763198865555,0.07792257183621111,0.9804059131866899,0.03396112665355233,0.1940383654460982,-0.19605918615746445,0.07268844467888767,0.9778942609165047
2025-07-25 14:15:16.370,0,-0.03682915140692705,0.07072251352331611,0.20908407237892787,0.017175391428483983,-0.9965551987921242,0.08113409696095203,0.9806191280994173,0.032629024292382486,0.1931876610430028,-0.19516949437557454,0.07624357372341561,0.9778015064066248
2025-07-25 14:15:16.402,0,-0.037567682765539755,0.07113092535897161,0.21001067151626512,0.010022718466096092,-0.9970595754421075,0.07597202204596652,0.9800373221023467,0.024881320575759563,0.1972505188152034,-0.19856080278093655,0.07247843062325325,0.9774049747639819
2025-07-25 14:15:16.433,0,-0.03827454275108236,0.07166238083092463,0.21128589434538714,0.003839465359289168,-0.99728287907494,0.07356709597200031,0.9795280314420818,0.018557856146945967,0.2004505963932981,-0.201271195467594,0.07129140957526328,0.9769377875769868
2025-07-25 14:15:16.468,0,-0.03879389410037368,0.07201108524825317,0.2126653893255075,-0.00012359428662239713,-0.9968286581518778,0.07957770423667501,0.9780364549448248,0.016466192622137305,0.20778247592010934,-0.208433868465306,0.07785557647116924,0.9749327318789381
2025-07-25 14:15:16.495,0,-0.03927988097009681,0.07214178758852301,0.2143502439237529,-0.0030390772257555265,-0.9976663443655,0.06821018494327691,0.978797199401426,0.011002476212659429,0.20453603096059964,-0.20480919523678962,0.0673855387866714,0.9764795864271247
2025-07-25 14:15:16.529,0,-0.039667478855789154,0.07188378880748188,0.21579772350516369,-0.001165798652214417,-0.9979458404440664,0.06405263814931894,0.9773276161964088,0.012424821702084615,0.2113678178567317,-0.21172947724241797,0.06284682447074404,0.9753055444939273
2025-07-25 14:15:16.562,0,-0.04000326579136254,0.07139676411875671,0.21673566783010698,0.0012334895841849963,-0.9979874789091637,0.06339929371828287,0.9783602815812017,0.014322014873286118,0.20641230417376016,-0.20690490068579143,0.06177274342702268,0.9764089769362538
2025-07-25 14:15:16.592,0,-0.04030991959865396,0.07091270899157157,0.21742082492959067,0.004048644194626083,-0.9978112962345053,0.06600170897030627,0.9779199676984566,0.01774130726325303,0.20822531736856695,-0.2089405304311131,0.06370135888194632,0.9758514188234593
2025-07-25 14:15:16.628,0,-0.040626842528515256,0.0705927771360667,0.21812190833786016,0.007408580205918197,-0.997772525515076,0.0662955523892764,0.9757060795052815,0.021729652721463856,0.21800336834333067,-0.2189583507331151,0.06306987807084596,0.973693704983432
2025-07-25 14:15:16.656,0,-0.04085985183806012,0.0703191677332447,0.2184871713274117,0.009085957602492117,-0.9973666911097921,0.07195226778323366,0.9777880211130497,0.023929469680334936,0.20822575788947065,-0.20939921476040027,0.06846213512243371,0.9754306253712796
2025-07-25 14:15:16.689,0,-0.041343908145112636,0.07027037144665728,0.2193416812496164,0.008584016663962718,-0.9975159947750574,0.06991534041853678,0.9757669375281811,0.02364350542310062,0.21753130413387087,-0.21864399896815745,0.06635378526681712,0.9735460836015816
2025-07-25 14:15:16.723,0,-0.04167910208959724,0.0701635707207012,0.21986655807709343,0.010599880118059887,-0.9973907462725226,0.07140967575493312,0.9757349804051709,0.02593576680607429,0.21741339428356796,-0.21869817227220728,0.06737236265801323,0.9734639562894319
2025-07-25 14:15:16.752,0,-0.04191570005865372,0.06989917407506269,0.21987867368813355,0.012692652177347233,-0.9972305159164052,0.07328161233081462,0.9751703146345304,0.02854980955875565,0.21960820984141113,-0.221092184475832,0.06867464233075911,0.9728319687718157
2025-07-25 14:15:16.787,0,-0.04211453917004812,0.06972355354010187,0.2197566286224678,0.017187281958573594,-0.9969769105331127,0.07577359172381634,0.9757884995240881,0.033251941069758,0.21617380186234997,-0.2180399081255671,0.0702235592870688,0.9734101140761019
2025-07-25 14:15:16.815,0,-0.04241331600693807,0.06974613052323864,0.22008940691873985,0.01838508344940308,-0.9970513519373853,0.0745022839004931,0.973959730623756,0.034700870036325555,0.2240497550590548,-0.22597440525391116,0.06844305091499965,0.971725844542373
2025-07-25 14:15:16.865,0,-0.04267717776955649,0.0696528715314566,0.22015798027505276,0.01616925720660077,-0.997306387517101,0.07154386443976982,0.9756437569772641,0.03139239203069759,0.21710314874243541,-0.2187642900307905,0.06629092803830978,0.9735233424356828
2025-07-25 14:15:16.897,0,-0.04285931252963556,0.06948582317641169,0.22009019215109543,0.015987219791224125,-0.9972258346052272,0.0726983053396342,0.9764859733951554,0.031205177977632698,0.21331052629886676,-0.21498733117526322,0.06757863318602916,0.9742759238382347
2025-07-25 14:15:16.928,0,-0.04304862570118221,0.06940111298200163,0.22036564050284752,0.017048014512056765,-0.997452038223595,0.06927334729022486,0.9760440761658706,0.03163207300184294,0.215261174713692,-0.21690395704714396,0.06394406462840359,0.9740964172072953
2025-07-25 14:15:16.963,0,-0.04312728594971913,0.06932452378925152,0.2204055259109814,0.01601390506878797,-0.9974598455479594,0.06940757425446292,0.9784505005800871,0.029924901430623693,0.20430153741209414,-0.20585959477038165,0.06464021034780415,0.9764442997156396
2025-07-25 14:15:16.993,0,-0.04322662135930791,0.06937951680164754,0.2208665213439326,0.017170791986069765,-0.9976227723895185,0.06673805445487832,0.9773489793129194,0.030828531565819647,0.2093766325965951,-0.2109363329030004,0.061631206797745475,0.9755549486369736
2025-07-25 14:15:17.025,0,-0.043187447379356904,0.06942545261995486,0.2210029062543008,0.017593324000450064,-0.99764423641252,0.06630575015407805,0.9806686594379678,0.03014378290504381,0.193339940902836,-0.19488318384805214,0.061622478894097124,0.978888765257929
2025-07-25 14:15:17.061,0,-0.043170298142523725,0.06961890927386989,0.22129309764985103,0.018712463656801,-0.9976234467038045,0.06631215794040923,0.9793609848924382,0.03163916037009061,0.19962721458155339,-0.2012508508662927,0.06120802331309644,0.9776255279541839
2025-07-25 14:15:17.087,0,-0.04328242212138804,0.07020791909246318,0.22222323123636084,0.020971599732273923,-0.9977023204380218,0.0644226031549181,0.977810664592569,0.033902180970664615,0.2067291617901815,-0.2084382311710307,0.05865766717164158,0.9762749519824182
2025-07-25 14:15:17.126,0,-0.04311032038216294,0.07064269943985738,0.22179993456109742,0.021895602643135753,-0.9976112309307527,0.06551652086094636,0.9807116427387409,0.034163624071964264,0.19245134602530062,-0.19422990599177672,0.0600389765993591,0.9791169822382447
2025-07-25 14:15:17.153,0,-0.043267499700773426,0.07155644968688843,0.2219924848844518,0.025806835947692508,-0.9970578633473315,0.0721777275592844,0.9789416357108168,0.039831759111708796,0.20021664475736567,-0.20250254588572272,0.06549082457352476,0.977089387316473
2025-07-25 14:15:17.185,0,-0.04361971379756985,0.07309251273764149,0.22218161197387332,0.0348341867460248,-0.9974444614688781,0.06237888840627545,0.9808781239046279,0.046081014558069164,0.18908899000903426,-0.19148024827402102,0.05459932584161169,0.9799766467312172
2025-07-25 14:15:17.217,0,-0.04465194280257108,0.0758081510493878,0.22334369608929325,0.052492975321142166,-0.9974899195493389,0.047522078441362636,0.980776011094186,0.06045268447034513,0.18553675916784174,-0.18794388418916622,0.036869138012462346,0.9814875256762601
=======
Time,ID,Tx,Ty,Tz,R00,R01,R02,R10,R11,R12,R20,R21,R22,BetaX,BetaY,BetaZ,AlphaX,AlphaY,AlphaZ,DecisionMargin,Confidence,RScale
2025-07-30 14:36:41.134,0,-0.25790846770004827,-0.13573989466243713,0.7304020327830257,0.6152205344755908,-0.461534158011548,-0.6391321576545338,-0.08748720242954477,0.7657384286350204,-0.6371739545231127,0.7834855987002061,0.447918385311589,0.43071967302323044,44.52315902709961,0.6499999999999999,1.1150000000000002
2025-07-30 14:36:41.775,0,-0.3477722568444403,-0.49494054994622116,0.9736633457954813,0.8299836940286468,0.08997594741967421,-0.5504828757849723,0.054540270882749875,0.9690837801496546,0.24062831484032202,0.555114786777111,-0.2297410628006863,0.7994164231266541,47.40867233276367,0.7549999999999999,0.8105000000000002
2025-07-30 14:36:41.808,0,-0.35183605458107003,-0.4924054067884944,0.9807091146989096,0.8165745275374376,0.11501066657608333,-0.5656664985225262,0.0458411671786621,0.9639348330064148,0.26216068566547535,0.5754169169990644,-0.2400045505623158,0.781852407645249,48.391693115234375,0.8284999999999998,0.5973500000000005
2025-07-30 14:36:41.841,0,-0.3534774940545882,-0.48692232173872974,0.9825365866975369,0.8127322719919852,0.14470530933783388,-0.5643816328621859,0.029805950193241892,0.9570726450439994,0.2883115631423065,0.5818744361078457,-0.2511420425932783,0.7735307460251678,48.885345458984375,0.8799499999999998,0.4481450000000007
2025-07-30 14:36:41.873,0,-0.3542306557515164,-0.48151982203531934,0.9837996120831085,0.8154207850312043,0.16282661331937565,-0.5554965682468583,0.021451887982679885,0.950465471822723,0.3100890249183083,0.5784710535896093,-0.26476948628524244,0.7715363629092125,46.034278869628906,0.9159649999999997,0.34370150000000077
2025-07-30 14:36:41.904,0,-0.35381916692544635,-0.47602261601607765,0.9840104892820254,0.8106254632359122,0.17805618763016123,-0.5578372095873274,0.017005716106972046,0.9450874941689219,0.32637468343178283,0.5853180024339352,-0.27405405016551065,0.7630840147812216,47.144737243652344,0.9411754999999997,0.27059105000000105
2025-07-30 14:36:41.937,0,-0.3509375006713611,-0.47022532755479884,0.9809299331984831,0.8015358927195606,0.1852242055834012,-0.5685351408209125,0.01925055081363153,0.9423260499850291,0.3341422329083603,0.5976367031697674,-0.27877160756721797,0.7517424837261496,51.26911926269531,0.9588228499999998,0.21941373500000072
2025-07-30 14:36:41.968,0,-0.34498526834421284,-0.46155600390314344,0.9728503144201505,0.788872138282855,0.1903809024086447,-0.584325133328276,0.019820839219420627,0.942430022334973,0.3338154989426629,0.6142376443801497,-0.27491956096242265,0.7396832776442588,52.297428131103516,0.9711759949999998,0.18358961450000066
2025-07-30 14:36:42.000,0,-0.33719304916113446,-0.44895090216924544,0.9594307280527672,0.7897981661204219,0.16750998067171843,-0.590050220886476,0.03652395478299663,0.9474350425231318,0.31785663580646095,0.6122784150366795,-0.2725935556365045,0.7421643321432388,50.097801208496094,0.9798231964999999,0.15851273015000045
2025-07-30 14:36:44.767,0,0.10727609506660483,-0.04110339547295682,0.8056161214316712,0.9600029867127488,0.03341234633247203,0.27798899369428537,-0.12158245205651175,0.9441076802055882,0.306395815129302,-0.2522141408694773,-0.3279394811384904,0.9104085477718721,52.581077575683594,0.9858762375499999,0.14095891110500025
2025-07-30 14:36:44.799,0,0.11188403107479808,-0.052073523508421427,0.8097072450799041,0.954242551547694,0.025755544755650728,0.2979224810753391,-0.12195012948771694,0.943189542548108,0.30906577414171865,-0.2730372112618996,-0.3312553980574965,0.9031724876921874,58.242774963378906,0.9901133662849999,0.1286712377735002
2025-07-30 14:36:44.831,0,0.1170058672232566,-0.060629894970174195,0.8169187210681648,0.9439423760306225,0.0189392292535826,0.3295665279256125,-0.11689265714349617,0.9528432703468268,0.2800460834589509,-0.30872139128929227,-0.30287127257309315,0.9016429974276731,70.26107025146484,0.9930793563995,0.12006986644145012
2025-07-30 14:36:44.863,0,0.12113040238411175,-0.06826844076123324,0.8198131066775604,0.9502066660198791,0.005181071020244232,0.31157735533005154,-0.11229873469610757,0.9383736635721078,0.32686979318975695,-0.2906824487942801,-0.3455835991729706,0.892230738063656,70.56776428222656,0.99515554947965,0.11404890650901489
2025-07-30 14:36:44.910,0,0.12520889472269942,-0.0756379558413852,0.828230616796002,0.9477937140710948,0.002196447256691103,0.3188765453694701,-0.11298374731032124,0.9374189882962507,0.32936349710517615,-0.2981974990019813,-0.34819651922597167,0.8887279873999023,73.35621643066406,0.996608884635755,0.10983423455631058
2025-07-30 14:36:44.942,0,0.1286162978119434,-0.08121669111935333,0.8331700436510795,0.946567933693397,-0.0030899724053720656,0.3224896881668423,-0.11343393860106038,0.9328692801433711,0.3418883556634228,-0.30189714883858043,-0.3602018298611519,0.8826736391712475,74.81513977050781,0.9976262192450285,0.10688396418941748
2025-07-30 14:36:44.976,0,0.1315618839463853,-0.08623089860148486,0.8382353548052143,0.9488192712300002,-0.001954693446357181,0.31581350464491176,-0.1081919954905537,0.9374605857317319,0.33085063444293117,-0.2967094246132787,-0.3480859511285234,0.8892691875762975,74.95307159423828,0.9983383534715198,0.10481877493259262
2025-07-30 14:36:45.005,0,0.13415479225033755,-0.09032783564866295,0.8430794570746254,0.9493295718893174,0.003313904413473845,0.3142648277710741,-0.09946097336850707,0.9517176140365644,0.29041538855428883,-0.29812896322402765,-0.30695700215191013,0.9038232792514688,74.45051574707031,0.9988368474300637,0.10337314245281526
2025-07-30 14:36:45.038,0,0.13652654252209603,-0.09251530505122485,0.8472412310357471,0.9512770493149669,-0.0040182398267108455,0.30831125376039265,-0.0870839620483439,0.9557049448963217,0.2811484338471061,-0.2957843116200939,-0.2942990180911466,0.9087902557521257,75.4205322265625,0.9991857932010446,0.10236119971697066
2025-07-30 14:36:45.068,0,0.1395096770183243,-0.09299877352732448,0.8559187387467176,0.9621840814716396,-0.020128752365303537,0.27165534541177866,-0.07369627003107959,0.9408399727354028,0.330740087510954,-0.262241593089431,-0.3382528329984298,0.9037778310085138,76.87191772460938,0.9994300552407311,0.10165283980187967
2025-07-30 14:36:45.100,0,0.1431036786704257,-0.09273209496457842,0.8675822454345447,0.9688763887460266,-0.04172958640910196,0.24400242816124507,-0.05433715636119835,0.9257986709348641,0.3740912914434352,-0.2415077985677418,-0.37570661760656254,0.8947170059396431,77.97721862792969,0.9996010386685117,0.10115698786131633
2025-07-30 14:36:45.135,0,0.14644213559284983,-0.09149008119245329,0.8745727441681068,0.9742797562539001,-0.04995965652849926,0.21973390560720335,-0.04383795238992405,0.9144623304048201,0.402289547715131,-0.22103662701936924,-0.4015752469838502,0.8887520073258682,77.65509796142578,0.9997207270679582,0.10080989150292119
2025-07-30 14:36:45.164,0,0.14928480011766132,-0.08909718366745505,0.8786817298386167,0.9772376298196026,-0.06108270735657251,0.20316377070372688,-0.03202147296471092,0.9042108658052957,0.42588418076844314,-0.20971704778995787,-0.42269565058281466,0.8816729250944682,77.16571044921875,0.9998045089475707,0.10056692405204526
2025-07-30 14:36:45.199,0,0.15157266346972767,-0.08648137172400709,0.8830345290136815,0.9780285146753974,-0.06983888223647225,0.19642493479646544,-0.02189813322894349,0.9025875706448824,0.4299490075328194,-0.2073178628167939,-0.42480372861514426,0.8812270399345153,77.4083480834961,0.9998631562632994,0.10039684683643202
2025-07-30 14:36:45.232,0,0.1541734572552996,-0.08445128799559107,0.889703608191863,0.9799510117885899,-0.07085535467816448,0.18621367621082419,-0.013382006797186173,0.9091087188082063,0.41634391947160854,-0.19878867268684652,-0.4104885578190124,0.8899338219840108,77.02371215820312,0.9999042093843096,0.1002777927855023
2025-07-30 14:36:45.262,0,0.15559799805785618,-0.08219641630161613,0.8897490415372444,0.976184293288717,-0.07590732041796328,0.20322968347013753,-0.013876487735898724,0.913022828627533,0.407672365378246,-0.21649865732729867,-0.40078347410034665,0.890225217719389,76.73750305175781,0.9999329465690165,0.10019445494985213
2025-07-30 14:36:45.310,0,0.15655358573174064,-0.08059231690748438,0.8894590584184953,0.9735764645758791,-0.08047815054648355,0.21371039962657146,-0.014973153499679842,0.9113330663236295,0.41139743180949245,-0.22786985824853262,-0.40372677581476873,0.8860474130609519,76.34725952148438,0.9999530625983115,0.10013611846489656
2025-07-30 14:36:45.342,0,0.1581325179862019,-0.07959973630715352,0.8937054291242916,0.9785393924990379,-0.07843654919728399,0.1905475402035827,-0.01353260361452871,0.8982611782649538,0.43925359903075173,-0.20561499450921852,-0.4324055542798663,0.8779224969556798,76.67433166503906,0.999967143818818,0.10009528292542802
2025-07-30 14:36:45.373,0,0.15863248089340437,-0.07862201901813612,0.8930229061076181,0.9803881642448287,-0.07717142321456583,0.18133840974182228,-0.015986121572891115,0.8859704421089896,0.4634660932865071,-0.19642680908091797,-0.45727557025084875,0.8673612635609511,76.89126586914062,0.9999770006731725,0.10006669804779955
2025-07-30 14:36:45.405,0,0.15914465550483503,-0.07798219349905343,0.8937990465925114,0.9754112603548747,-0.08605774587261888,0.20289637145163233,-0.022783595193533956,0.8763074425784259,0.48121323118937187,-0.2192117263354591,-0.47400351312725775,0.8527994421785496,76.84761047363281,0.9999839004712208,0.10004668863345989
2025-07-30 14:36:45.438,0,0.1596619153052256,-0.07769801080661294,0.8946077356644804,0.975472091415406,-0.0873785956770089,0.20203757048422358,-0.023209849615995246,0.8718942102498144,0.4891439348634042,-0.21889609807042404,-0.48183551877208586,0.8484804247000505,76.86895751953125,0.9999887303298545,0.1000326820434223
2025-07-30 14:36:45.469,0,0.16023163942782975,-0.07817854139429581,0.8960482708279609,0.9767381600818508,-0.07739015472568747,0.1999833257835637,-0.02824252922677617,0.87805228453665,0.47773061987153953,-0.21256746266255216,-0.47226576159139977,0.8554414791472879,77.79832458496094,0.999992111230898,0.10002287743039595
2025-07-30 14:36:45.501,0,0.1603542076718515,-0.079009426395195,0.8936931711381056,0.9779286841637204,-0.06456773400766924,0.19871209428449355,-0.03376619745710305,0.8897128603609078,0.4552701066594435,-0.2061924649425932,-0.4519314481572708,0.867895519960421,77.99219512939453,0.9999944778616285,0.10001601420127715
2025-07-30 14:36:45.534,0,0.16001752674186528,-0.07955666048328806,0.8885239951816889,0.9741857169325201,-0.07166726569173507,0.2140700631871297,-0.030361075692781736,0.8980604619599503,0.43882298452457774,-0.22369710326119255,-0.433994481177527,0.8727017797048431,78.08822631835938,0.9999961345031398,0.10001120994089474
2025-07-30 14:36:45.567,0,0.1606797220162231,-0.08010164876871699,0.8878974487145561,0.9700866847921108,-0.08199458957695815,0.22849225647526428,-0.024736611122523733,0.9029447919229467,0.42904405695615905,-0.2414951843396153,-0.42186205093529444,0.8739064514703174,79.02305603027344,0.9999972941521977,0.10000784695862652
2025-07-30 14:36:45.599,0,0.16084059617206958,-0.08033498054899736,0.8836431318545741,0.9697789507253157,-0.0887251622654423,0.22728095457181777,-0.016195795685260916,0.9060715157595204,0.4228145036908807,-0.24344708446031357,-0.4137176016441836,0.8772521092351716,78.93629455566406,0.9999981059065384,0.10000549287103899
2025-07-30 14:36:45.630,0,0.16231435077692272,-0.0814628221059636,0.8872377238678665,0.9762563159276672,-0.0854743728057274,0.19904204883593482,-0.00395216352626282,0.9116784439658816,0.4108853796515647,-0.21658251548728677,-0.4019160937327794,0.8896940303181666,79.01870727539062,0.9999986741345768,0.10000384500972759
2025-07-30 14:36:45.662,0,0.1620523451359045,-0.08153173266869027,0.8814061817280436,0.9756686471436166,-0.08865636023265783,0.20052615981772184,-0.0007879692536963412,0.9131754865143203,0.4075658350914476,-0.21924887704478793,-0.3978072153941291,0.890886833046133,79.47087860107422,0.9999990718942038,0.10000269150680907
2025-07-30 14:36:45.709,0,0.16240626078157286,-0.08224673523579934,0.8812206784751265,0.9755703320979089,-0.07924744743199676,0.20489599607090622,-0.006093762674946091,0.9225504963690998,0.3858282619321567,-0.21960280778450292,-0.37765119319901586,0.8995299789826475,79.64009857177734,0.9999993503259426,0.10000188405476651
2025-07-30 14:36:45.742,0,0.16146916808524012,-0.08224748137178778,0.8763329674435585,0.9745403178894592,-0.07462936282734198,0.21142759283475204,-0.01246299046101379,0.9234907021398802,0.38341830541845456,-0.22386567998842838,-0.37629161731983296,0.8990488173943298,79.54044342041016,0.9999995452281598,0.1000013188383364
2025-07-30 14:36:45.774,0,0.15965939855714403,-0.08192487328824835,0.8715401563352828,0.9798184328473971,-0.06030669514912729,0.1905752900369339,-0.02011650590944833,0.9188128002405481,0.39418062395825365,-0.19887474661823307,-0.390059150173808,0.8990565580224752,79.39338684082031,0.9999996816597119,0.10000092318683551
2025-07-30 14:36:45.805,0,0.1591796117013812,-0.08216567487058893,0.8718425559248835,0.9814592038866365,-0.05889164863466201,0.18239957463574497,-0.020398256488402433,0.9141306689626499,0.4049062004886197,-0.1905826388694483,-0.401119550487119,0.8959806716545671,79.54021453857422,0.9999997771617983,0.10000064623078497
2025-07-30 14:36:45.836,0,0.1589943169752938,-0.0825579217953955,0.8729181051902369,0.9817912044685316,-0.06250089699500161,0.17938692455987523,-0.020600187626934358,0.9037256530932471,0.42761615522676305,-0.18884295882548885,-0.42352518439403836,0.8859823672545807,79.12126159667969,0.9999998440132587,0.10000045236154964
2025-07-30 14:36:45.869,0,0.15911342062955824,-0.08311694167030464,0.8744322850449445,0.9826291641773175,-0.06214136186438332,0.1748667402733469,-0.022130675448211845,0.8963100139824477,0.44287536851691234,-0.1842556889553001,-0.43905217227617116,0.8793651295720014,79.24188995361328,0.9999998908092811,0.10000031665308473
2025-07-30 14:36:45.901,0,0.15870408864688915,-0.08350082580445065,0.8729857643552148,0.9818295432431122,-0.06746405927903937,0.17736783451521393,-0.02150501361572088,0.8890935895584582,0.45721999452719103,-0.1885425214756865,-0.45272639608449083,0.8714875374231918,78.68978881835938,0.9999999235664967,0.10000022165715983
2025-07-30 14:36:45.934,0,0.1586368424134604,-0.0842182776539062,0.8724314864426626,0.9810664635648821,-0.0684317072203321,0.18117862874855414,-0.024268349185923632,0.8846841399424363,0.4655588252434934,-0.19214484457326914,-0.4611410564905518,0.8662732159790535,79.42410278320312,0.9999999464965477,0.10000015516001204
2025-07-30 14:36:45.965,0,0.1596233151154597,-0.08557241806853305,0.8750029832971725,0.9818483768977451,-0.06201467535881609,0.17924269810345167,-0.027354077702991184,0.8888571008657601,0.4573672579815208,-0.18768462701106658,-0.4539683185869439,0.8710265475305905,78.8554458618164,0.9999999625475833,0.10000010861200836
2025-07-30 14:36:45.997,0,0.15968677785683424,-0.08687834730042852,0.8730050075436893,0.9802632947171697,-0.058859565119360524,0.18873109077255618,-0.030236343916330233,0.8987829053085327,0.4373500344480681,-0.19537051091915708,-0.434424723881034,0.8792641939394977,79.35333251953125,0.9999999737833083,0.10000007602840588
2025-07-30 14:36:46.029,0,0.15943649259489792,-0.08840044517392479,0.8696059736717167,0.9800652768463447,-0.050243539309096225,0.19221768877445417,-0.03309178802024185,0.9126970844379191,0.40729469137731944,-0.19590045095844216,-0.40553621147342417,0.8928400721842973,78.68123626708984,0.9999999816483158,0.10000005321988414
2025-07-30 14:36:46.061,0,0.1594617787060987,-0.09015027218069022,0.8665858621986163,0.9788613906867676,-0.04251436489800747,0.2000572583039308,-0.03209943712813296,0.9340998041196514,0.35556600242386305,-0.20199010856679014,-0.35447155699851096,0.9129895461177131,78.02203369140625,0.999999987153821,0.10000003725391915
2025-07-30 14:36:46.110,0,0.15963647933988265,-0.09198538836473265,0.8655626817443697,0.9802346551061039,-0.02752305531393956,0.19591452818819777,-0.030795973006616795,0.9569770187612581,0.2885248578708425,-0.19542678674018577,-0.2888554430662506,0.9372144386614015,78.0852279663086,0.9999999910076747,0.10000002607774361
2025-07-30 14:36:46.141,0,0.15976403030928593,-0.09345645383618013,0.8641951269244683,0.9822129011895104,-0.014691807261228762,0.18719499869463355,-0.026733299638976554,0.9758371984375465,0.21685730985137322,-0.1858578688872162,-0.21800438744429135,0.9580871252802333,77.82826232910156,0.9999999937053723,0.10000001825442029
2025-07-30 14:36:46.172,0,0.15995562284648998,-0.09478270663237384,0.8628744673060436,0.9805895799450153,-0.00371760673892213,0.19603636168678845,-0.02362663498829137,0.9902944800737103,0.1369621292718152,-0.19464289820691807,-0.13893531637303058,0.9709846136998964,77.79901123046875,0.9999999955937606,0.10000001277809423
2025-07-30 14:36:46.205,0,0.15882456455349608,-0.09506757483540579,0.8552465484017938,0.9762052921824385,-0.005431610211302729,0.21678036148487265,-0.021202259290502123,0.9925055624556207,0.12034605392629939,-0.2158093874602722,-0.12207868816941767,0.9687740201816191,78.11207580566406,0.9999999969156323,0.10000000894466643
2025-07-30 14:36:46.237,0,0.1577503030513618,-0.09487583802262706,0.8483440979719388,0.9760583834224329,-0.00854523748946151,0.21734077175494787,-0.02021879354462841,0.991336981946475,0.12977745803048324,-0.2165669239251168,-0.13106474408284954,0.9674299976329604,78.00670623779297,0.9999999978409426,0.10000000626126626
2025-07-30 14:36:46.269,0,0.15777126881185854,-0.09485094922209283,0.8469159780091755,0.9735416666939921,-0.010413210823222052,0.22827218019512402,-0.0171789462113887,0.9927989553196895,0.11855428344517302,-0.22786291277377774,-0.11933901020405419,0.9663522616653651,78.17904663085938,0.9999999984886598,0.10000000438288659
2025-07-30 14:36:46.300,0,0.15983282489046563,-0.09575964497401279,0.8566145494418165,0.9782775401427951,0.018530106721284773,0.20646958516222003,-0.017223628140800903,0.9998186611603646,-0.008123510889019659,-0.2065826737309517,0.004390892892613862,0.978419296096401,78.35319519042969,0.9999999989420618,0.1000000030680206
2025-07-30 14:36:46.332,0,0.1589390910794236,-0.09512304584988765,0.8498787491418074,0.9767582655691704,0.0009191021610026051,0.21434189019770214,-0.017172342587836627,0.9971119451894086,0.0739789119319794,-0.21365486489278013,-0.075940266076774,0.9739531172986904,78.06187438964844,0.9999999992594433,0.10000000214761462
2025-07-30 14:36:46.366,0,0.15948119996673943,-0.09523767076747917,0.8514377529997904,0.978160946631579,0.008101311336686554,0.20769095127000597,-0.02021636974808791,0.9982105450953609,0.056276158847516036,-0.20686338699495016,-0.05924589787528192,0.9765743508335293,78.11839294433594,0.9999999994816102,0.10000000150333044
2025-07-30 14:36:46.398,0,0.15945421315253966,-0.09498288342493558,0.849635260139633,0.9804241965906558,0.008148530540528498,0.1967282292646337,-0.022049494929223756,0.9974023205350706,0.06857427188546895,-0.1956584128345478,-0.07156963351370575,0.9780570397710858,78.10432434082031,0.9999999996371272,0.1000000010523312
2025-07-30 14:36:46.429,0,0.15974261302709417,-0.09490156031559902,0.8504563654349135,0.9761464970110006,0.010747117463330014,0.21684675658026722,-0.021278775997525368,0.9987013376225707,0.04629094860699877,-0.2160676515936604,-0.049800980885099516,0.9751074977855941,78.40497589111328,0.999999999745989,0.10000000073663218
2025-07-30 14:36:46.461,0,0.16002753892644128,-0.09482527747191365,0.8519414227868893,0.9781926352884482,0.016683075109392292,0.2070286049615724,-0.020636512073700458,0.9996433339523324,0.016951084156975237,-0.20667196867711024,-0.020853773988398723,0.9781880276682844,78.42790985107422,0.9999999998221922,0.10000000051564273
2025-07-30 14:36:46.509,0,0.15945133132670875,-0.09427169805869912,0.8495991874459824,0.9777093817993066,0.013488140658588998,0.20952907865781215,-0.022790818839734495,0.9988556548741301,0.042047108135837834,-0.20872216776909902,-0.045885191375285274,0.9768979506039622,78.35114288330078,0.9999999998755345,0.10000000036095003
2025-07-30 14:36:46.539,0,0.15962891837858198,-0.09416099355143735,0.8518635080260912,0.973918443199813,0.018890847913004563,0.22611059652386978,-0.02221100592757899,0.9996794906537345,0.012148546496404487,-0.22580862962016657,-0.016853837290598896,0.9740258779712397,78.12648010253906,0.9999999999128741,0.10000000025266509
2025-07-30 14:36:46.573,0,0.15961724481174044,-0.09388258995073653,0.8528288222867877,0.9752157243118217,0.018297005258762877,0.22049832347102005,-0.023494767622480955,0.9995039390087967,0.020973120899512632,-0.22000519755072928,-0.025633874160195864,0.9751618417197239,78.36421203613281,0.9999999999390119,0.10000000017686572
2025-07-30 14:36:46.605,0,0.1594223285383454,-0.09354047454739213,0.8529415138732557,0.9711268415945258,0.012816811784149876,0.23821919920596424,-0.021662058871184445,0.9991681828670115,0.03454992838916586,-0.23757822446533802,-0.038712681151333694,0.9705966801807909,78.04157257080078,0.9999999999573084,0.10000000012380594
2025-07-30 14:36:46.637,0,0.15892159218293136,-0.0933345688984355,0.8507618011603673,0.9708839003287116,0.002686608087109965,0.23953545503639737,-0.022435849429380157,0.996561614035448,0.0797595266500747,-0.23849755710046558,-0.08281142172459105,0.9676059030871309,78.36070251464844,0.9999999999701159,0.1000000000866641
2025-07-30 14:36:46.669,0,0.15824756994214298,-0.09311395748920308,0.8479020812680061,0.9650626119783555,-0.005171704788164852,0.2619683347870457,-0.019226083460012394,0.9957123228689144,0.09048385381812755,-0.26131305492895335,-0.0923592093760861,0.9608253034590222,78.09014892578125,0.9999999999790812,0.10000000006066445
2025-07-30 14:36:46.705,0,0.1578816134088948,-0.09307870459716601,0.8467963116844547,0.9635372673304795,-0.004444463139954086,0.26753725200934103,-0.01740625315791903,0.9967030745573524,0.07924647322703553,-0.2670074096655643,-0.0810137513964044,0.9602831953483134,78.20568084716797,0.9999999999853568,0.10000000004246523
2025-07-30 14:36:46.731,0,0.15721048454629835,-0.09318538503926455,0.8445461417214722,0.9692772305891453,-0.006117881486890964,0.2458947372099461,-0.023534244003126814,0.9927976419410465,0.11746906620680471,-0.24484237709317677,-0.11964703791740831,0.9621521692003573,78.29955291748047,0.9999999999897498,0.10000000002972564
2025-07-30 14:36:46.764,0,0.15807994257207256,-0.09505897842174715,0.8513088554224784,0.9752700030188105,0.001070326432491997,0.2210141977634399,-0.03055843445697448,0.9910369542129787,0.13004590523273424,-0.2188940458194964,-0.13358371826532756,0.9665613208271795,78.09723663330078,0.9999999999928249,0.10000000002080789
2025-07-30 14:36:46.798,0,0.15741148478395278,-0.09653334981716491,0.8509684573940813,0.9753551185315686,-0.009092400477830609,0.22045344408246584,-0.03357455968772796,0.9813988528200138,0.18902127029870527,-0.21807141421113713,-0.1917644908138933,0.9569071210764621,78.26253509521484,0.9999999999949774,0.10000000001456577
2025-07-30 14:36:46.830,0,0.1561450805003892,-0.09757025778721684,0.8482624173953045,0.9739797981302897,-0.022439450827926866,0.22552122711758432,-0.031056398992837964,0.9724843813639308,0.23088877860305348,-0.22449688843206186,-0.23188488318506936,0.946483252907609,78.40467834472656,0.9999999999964841,0.10000000001019593
2025-07-30 14:36:46.862,0,0.15623349137557582,-0.09885930951090596,0.8508260868379074,0.9751616986142289,-0.015405578321856295,0.2209577554927217,-0.031475286253463464,0.9778162310832721,0.20708627329054893,-0.2192463635070711,-0.20889731062575823,0.953044041848146,78.32489013671875,0.9999999999975389,0.10000000000713749
2025-07-30 14:36:46.908,0,0.1554877714406766,-0.09959948822834226,0.8508612723605997,0.9749414632260817,-0.0050394851917924255,0.22240446684270593,-0.028778329777413625,0.9884857546318475,0.1485520805143076,-0.22059227325046768,-0.15123001183266704,0.9635707200321534,77.98265838623047,0.9999999999982772,0.10000000000499654
2025-07-30 14:36:46.941,0,0.15432146928869309,-0.09943707044478119,0.848629912394282,0.9767087736623411,-5.403135954193394e-05,0.21456926278387986,-0.027062035546452146,0.9919836101860012,0.12343485469845882,-0.2128558612843162,-0.12636658657635436,0.9688776331993388,78.52396392822266,0.9999999999987939,0.10000000000349774
2025-07-30 14:36:46.973,0,0.15443906281742487,-0.0993098454492299,0.8537068054626105,0.9759378060559335,0.011286010434314486,0.21775680168299638,-0.029731077212996254,0.9962203441467375,0.0816154945822866,-0.21601264258947003,-0.08612579100729897,0.972584642262503,78.4889144897461,0.9999999999991556,0.1000000000024488
2025-07-30 14:36:47.005,0,0.153798038217522,-0.09861442604647841,0.8545808109484684,0.9810232689320963,0.0033268603884604175,0.19386149131206745,-0.031934991885667896,0.9889698667366622,0.1446331876857139,-0.19124199880529755,-0.14807948773150284,0.9703086948008506,78.71491241455078,0.9999999999994089,0.10000000000171427
2025-07-30 14:36:47.037,0,0.15341223756100597,-0.09819277270569757,0.8561036906413723,0.9783510147993424,0.003233307988402656,0.20692713104025331,-0.035615748343350406,0.9875904198242451,0.15295973699413076,-0.20386468627754334,-0.15701817853618943,0.9663252461247902,78.46836853027344,0.9999999999995861,0.10000000000120046
2025-07-30 14:36:47.069,0,0.15311720543876758,-0.09803413251527297,0.8571554931784968,0.979490314364197,0.010464660443340768,0.2012193205150323,-0.03920113495544919,0.9894649886942848,0.13936393782619694,-0.19764107641108009,-0.14439365301156767,0.9695815993948341,78.26116943359375,0.9999999999997102,0.1000000000008403
2025-07-30 14:36:47.100,0,0.15285304431840124,-0.09822334771521987,0.8578712460891756,0.9772472491481483,0.013114367002660443,0.21169749032640045,-0.04081546089337365,0.9910601350887648,0.1270193166014573,-0.20813916542649624,-0.13276980837509442,0.9690460596894259,78.19092559814453,0.999999999999797,0.10000000000058851
2025-07-30 14:36:47.133,0,0.153365282920487,-0.09886622419410342,0.861813344852766,0.9772139374579171,0.02272370900563711,0.2110368533858979,-0.04143768890821651,0.9955460331559136,0.08468183869916149,-0.20817261677737467,-0.09149715250515758,0.9738030769655168,77.78890991210938,0.9999999999998579,0.1000000000004122
2025-07-30 14:36:47.164,0,0.15299935182187302,-0.0989547054835113,0.8604950781581826,0.9768611540152335,0.017723464914627285,0.21313883871187445,-0.04176499098670214,0.9931825887671134,0.10883028483715171,-0.20975693386371555,-0.11521381931554417,0.9709417101632919,78.00912475585938,0.9999999999999005,0.10000000000028875
2025-07-30 14:36:47.197,0,0.15312487772286612,-0.09918916060142423,0.8618100627452955,0.9740779799811826,0.015359178970829418,0.22569046177701116,-0.04068785688337603,0.9933169398637313,0.10800905185210508,-0.222523228490907,-0.11439210025650741,0.9681930903393644,77.79027557373047,0.9999999999999303,0.10000000000020215
2025-07-30 14:36:47.230,0,0.15336489564634143,-0.0994259938132759,0.8632703488010822,0.9733830442445467,0.016320305732727303,0.22860248642131767,-0.03948781406145627,0.9944870745345163,0.0971399563744347,-0.22575686416555818,-0.10358139893132132,0.9686613092704612,77.97528076171875,0.9999999999999512,0.10000000000014175
2025-07-30 14:36:47.263,0,0.15351636376015704,-0.09964252843702802,0.8641419486194732,0.9742564256306717,0.018096480714168715,0.22471522979786934,-0.040106031375692616,0.9947857987719033,0.09376950895167584,-0.2218466212603642,-0.1003679826812723,0.9699022346029792,77.61145782470703,0.9999999999999658,0.10000000000009912
2025-07-30 14:36:47.310,0,0.15364576565820406,-0.099777620451782,0.8651202280204369,0.9728297475399212,0.015263371537865916,0.2310179901884469,-0.03873698296471134,0.994489441606903,0.09741764051331836,-0.22825803042216053,-0.10371971857697809,0.9680601693728075,77.99465942382812,0.999999999999976,0.10000000000006981
2025-07-30 14:36:47.342,0,0.15383537595144675,-0.09970298655168397,0.8663947218350502,0.9724581109919724,0.016154882458777234,0.23251718675974953,-0.03860144997587915,0.9949814765253817,0.09231353872066564,-0.2298589794323573,-0.09874655003652141,0.9682014090209743,77.87425994873047,0.9999999999999831,0.10000000000004894
2025-07-30 14:36:47.374,0,0.15345752354830966,-0.0992130586830005,0.8644509977500833,0.97069979090849,0.010990358755856688,0.24004401251568672,-0.04022605091752782,0.9922890600429036,0.11723602751181338,-0.23690458154665153,-0.1234570100625629,0.963656881835344,77.84589385986328,0.9999999999999882,0.10000000000003428
2025-07-30 14:36:47.405,0,0.1535236258715929,-0.09888829329090121,0.8649325906924967,0.9710088399516911,0.013692317766999126,0.23865111181354132,-0.039467009029693134,0.9938398082135206,0.10356056589437565,-0.2357629910183572,-0.10997707053872965,0.9655676341001687,77.71146392822266,0.9999999999999918,0.10000000000002407
2025-07-30 14:36:47.438,0,0.1535176476831772,-0.09847098106747111,0.8646904526762944,0.9695251304118319,0.013793615467983356,0.2446032658658531,-0.03922243117809979,0.9942746673072947,0.09939560776737953,-0.2418318059982992,-0.10596047434439385,0.9645152956196765,77.56302642822266,0.9999999999999942,0.10000000000001696
2025-07-30 14:36:47.469,0,0.15353891875317666,-0.09810019022380782,0.8642510356302724,0.9710872251672659,0.016185374180888223,0.23817563850982826,-0.04019580125355221,0.9945402746932606,0.0963012958097588,-0.23531659244202197,-0.10309061875688968,0.9664359397527583,77.75473022460938,0.999999999999996,0.10000000000001164
2025-07-30 14:36:47.502,0,0.1539846177344532,-0.09799151715805407,0.8656196448742686,0.9732908907228552,0.023922147982441782,0.2283255852326183,-0.04050908944937719,0.9968463394130257,0.06823774080985714,-0.22597313049983145,-0.07566443308951072,0.9711905260335632,77.74324798583984,0.9999999999999971,0.10000000000000853
2025-07-30 14:36:47.533,0,0.15359051245581634,-0.09752932414050246,0.8631444928391293,0.9716170315799769,0.016668690227924277,0.23597139383789734,-0.04003521511244362,0.994711848651464,0.09458075757408518,-0.23314700404383265,-0.10134344043140142,0.9671463082630839,77.54949188232422,0.999999999999998,0.10000000000000586
2025-07-30 14:36:47.565,0,0.153625725354595,-0.09733610514936417,0.8630267709684558,0.971660449928907,0.01711578073228573,0.2357605142806547,-0.041712777213985475,0.9941386228118333,0.09974188112767915,-0.23267147281317252,-0.10674946690131984,0.9666791282815789,77.79388427734375,0.9999999999999984,0.10000000000000453
2025-07-30 14:36:47.598,0,0.1538228906909933,-0.09734672621600998,0.8645171010254629,0.9719080685604619,0.018739291298776557,0.23461360836211556,-0.04085850205927049,0.995123487298091,0.08977654391409583,-0.23178716331269325,-0.09684050799797872,0.9679342058911589,77.6259765625,0.9999999999999989,0.1000000000000032
2025-07-30 14:36:47.629,0,0.1538861621860829,-0.09732817790574584,0.8651862637858206,0.9711542432203635,0.019895251449958906,0.23762073740485049,-0.04069817234214419,0.9957211226091203,0.08296447889333396,-0.23495338823496698,-0.09024203543679758,0.9678084936582921,77.8841323852539,0.9999999999999991,0.10000000000000275
2025-07-30 14:36:47.661,0,0.1539472156616902,-0.09738729347526036,0.8655038336287559,0.9712524145584799,0.019767677404354117,0.23722981714860428,-0.04056408661498501,0.9957148712946299,0.08310505375613682,-0.2345704629560483,-0.09033899497313318,0.9678923307351027,77.69986724853516,0.9999999999999993,0.10000000000000187
