Time,collection_number,ID,Tx,Ty,Tz,R00,R01,R02,R10,R11,R12,R20,R21,R22,tag_size
2025-07-31 16:08:10.152,1,0,-0.0017247902674651335,0.10139237640718725,0.6208782737849932,0.9612196658110095,-0.020051952743224966,0.2750539460712274,-0.07950694217831056,0.9348587323098346,0.34600259647797993,-0.26407461105457486,-0.3544531983425068,0.8970103288040459,0.08
2025-07-31 16:08:10.181,1,0,-0.0017217284278665738,0.10136405980392904,0.6205516198620679,0.9607003732976045,-0.020317990149527176,0.27684286521802814,-0.08076862602453827,0.9337066898047013,0.34880975683609466,-0.2655771484822289,-0.3574618814506394,0.8953713092978897,0.08
2025-07-31 16:08:10.215,1,0,-0.0017319942443007016,0.10128850651686043,0.6201952254440146,0.9602550811691042,-0.020429725815175603,0.278375295944224,-0.08089814323534286,0.9341413755094157,0.34761383888224356,-0.267143537279103,-0.3563179996358495,0.8953612754779577,0.08
2025-07-31 16:08:10.245,1,0,-0.0017339306873848308,0.10135763769707806,0.620319949389498,0.9603958455805444,-0.021235516783886105,0.27782885490631104,-0.08089812007264027,0.9328922749160193,0.35095227249688266,-0.26663704536381183,-0.35952893656691226,0.8942279518169413,0.08
2025-07-31 16:08:10.278,1,0,-0.0017310286585272422,0.10126596301640141,0.6201734960466608,0.9603612755794693,-0.020185926282371758,0.27802652525882793,-0.0814083293241864,0.933586152596747,0.34898363800649423,-0.2666062720267845,-0.35778404668141045,0.894936685836632,0.08
2025-07-31 16:08:10.310,1,0,-0.0017205750037525183,0.10140537278870596,0.6210658548000221,0.9616457776667127,-0.01997069561332193,0.2735663897713016,-0.07851027145895484,0.9355789284563731,0.3442792556978495,-0.2628184460254357,-0.3525524641030666,0.8981276214901929,0.08
2025-07-31 16:08:10.342,1,0,-0.0017416745601229373,0.10127386361855997,0.6200978637320539,0.9602679239628331,-0.021030875856543382,0.2782862132208803,-0.08063393646554731,0.9337207453897146,0.3488032940196306,-0.2671772492151618,-0.35738392785571854,0.8949262794287794,0.08
2025-07-31 16:08:10.374,1,0,-0.001733568211034129,0.10136175969673564,0.620108765023278,0.9601847093183973,-0.02069228187436284,0.27859855251235144,-0.08146787949782774,0.9331679596705449,0.350086480250865,-0.26722333094487266,-0.35884451858032296,0.8943278497752283,0.08
2025-07-31 16:08:10.406,1,0,-0.0017316733820350568,0.10128838601989038,0.6201434171226782,0.9604163132649035,-0.019928177493717447,0.27785494949061135,-0.08124412669410114,0.9340368436023426,0.3478139828573393,-0.2664580587866769,-0.35662030583682636,0.895445174409067,0.08
2025-07-31 16:08:10.438,1,0,-0.001717649450630486,0.10127921352004511,0.6202361143095084,0.96034339526144,-0.02024978933030286,0.2780836370767043,-0.08139819869119305,0.9335497031826271,0.3490834927885542,-0.26667376404055737,-0.3578755338378217,0.8948799952243514,0.08
2025-07-31 16:08:10.486,1,0,-0.0017272866935734807,0.10137601043849662,0.6203787766008856,0.960668334825817,-0.020698875376989445,0.27692581501391195,-0.08071616924564415,0.9333513347349481,0.34977161973321713,-0.26570895823306384,-0.35836691045158964,0.8949703386191535,0.08
2025-07-31 16:08:10.516,1,0,-0.0017345787759586514,0.10135902187417532,0.6203043207546897,0.9606277022942414,-0.020714817456586043,0.2770655408430052,-0.08078122769380364,0.9333126667376688,0.3498597709930411,-0.2658360600768235,-0.3584666824751802,0.8948926341847215,0.08
2025-07-31 16:08:10.549,1,0,-0.001739089299092879,0.10136525401633908,0.6205105789826895,0.9609298990993612,-0.020795127729318352,0.276009586209634,-0.08041518802561046,0.9331886892789495,0.3502745605045308,-0.26485302820941614,-0.3587846608546105,0.895056668923116,0.08
2025-07-31 16:08:10.580,1,0,-0.001743504930970852,0.10127512304441327,0.6201555413587727,0.9603421168731477,-0.021111611671458086,0.2780239529469263,-0.08045408963506762,0.9337356614047059,0.34880489400538606,-0.26696471306259484,-0.3573401943159342,0.8950071661755881,0.08
2025-07-31 16:08:10.612,1,0,-0.0017371142877611826,0.10120747489851196,0.6197428245327051,0.9601651133489846,-0.0209014250293022,0.27865047198825343,-0.08188864691781891,0.9323709630002373,0.35210600230609457,-0.2671651261177266,-0.36089820972921877,0.8935184819581204,0.08
2025-07-31 16:08:10.645,1,0,-0.001724380386668062,0.10139313551484684,0.6204972481220437,0.960785581380748,-0.02050448095322499,0.27653324008461755,-0.08050872901765796,0.9336768532565248,0.34894967867151816,-0.26534771746299074,-0.3575291595853872,0.8954124685771064,0.08
2025-07-31 16:08:10.679,1,0,-0.0017292094145336195,0.10136299727540009,0.6203342342841243,0.9605056391537523,-0.020793350419438916,0.27748252869717255,-0.08069603984745993,0.9335354964361288,0.34928444861844016,-0.26630258411585106,-0.35788142375944154,0.8949881676430895,0.08
2025-07-31 16:08:10.708,1,0,-0.001745339197899385,0.10127281880172555,0.6201193679793227,0.9602825851604019,-0.02110176194716641,0.27823025047679767,-0.08048527512283586,0.9338061372306601,0.34860897658946655,-0.2671693790950936,-0.3571565675065753,0.8950193903826125,0.08
2025-07-31 16:08:10.741,1,0,-0.0017451296202022192,0.10136060099140863,0.6204477776018131,0.9608079030866233,-0.02090127505761176,0.2764259576581998,-0.08001998116627337,0.933796421798803,0.3487420898743118,-0.26541472449816356,-0.3571937560158623,0.8955264623018376,0.08
2025-07-31 16:08:10.774,1,0,-0.0017280190713114736,0.10130106428555544,0.620222303049206,0.9605690745292883,-0.019888477890534384,0.27732922944605753,-0.08138076428703861,0.933646120138995,0.34882960532824475,-0.26586504896658336,-0.3576441958100247,0.8952130500285376,0.08
2025-07-31 16:08:10.806,1,0,-0.0017203978831774923,0.10125228538542669,0.6201116692279818,0.9602578343942231,-0.020817084572315847,0.27833709863118267,-0.08138750889268367,0.9329953256651048,0.35056496642321244,-0.2669849525362038,-0.3592859185620469,0.8942218202673581,0.08
2025-07-31 16:08:10.837,1,0,-0.0017330916769587213,0.10136964713511515,0.6202319878275054,0.9603918834589116,-0.020104708655223347,0.2779266645648325,-0.08192637754949061,0.9329393070977727,0.3505885308071921,-0.26633719013285145,-0.35947190427322095,0.8943402323446719,0.08
2025-07-31 16:08:10.886,1,0,-0.0017454798468796565,0.10133174547940929,0.6199293273621647,0.9601271021999398,-0.020787276935884835,0.2787899509285377,-0.08220787762863882,0.932148686204792,0.3526197550655315,-0.26720369098674585,-0.36147851377954887,0.8932723389867102,0.08
2025-07-31 16:08:10.917,1,0,-0.0017259344489330784,0.10143537202273749,0.620997037262907,0.9615255369245083,-0.020699172534938026,0.2739346383690942,-0.07912829756116807,0.9340291089526978,0.348322172929175,-0.2630729069423699,-0.3565966459256168,0.8964549502052468,0.08
2025-07-31 16:08:10.949,1,0,-0.0017194993145912595,0.10131482586966298,0.6207938688771687,0.9613041336758984,-0.019822377066063324,0.2747752462378687,-0.07938323072934458,0.9351708421960606,0.34518661414556906,-0.26380421766264883,-0.35364186583853596,0.8974100319640052,0.08
2025-07-31 16:08:10.981,1,0,-0.0017170112712273163,0.10125530592789546,0.6207148801974564,0.9607738620562051,-0.020608705748792866,0.2765662076916922,-0.08037126939143113,0.9337504172229795,0.34878448559579206,-0.2654318086552826,-0.3573309944341114,0.8954666467103699,0.08
2025-07-31 16:08:11.011,1,0,-0.0017116078002217274,0.10125681521517532,0.620781548873392,0.960866352594169,-0.020481765497727622,0.27625413975988444,-0.08026958011645191,0.9338903735860749,0.3484330131190072,-0.2651276050514284,-0.35697236224301426,0.8956997742739115,0.08
2025-07-31 16:08:11.044,1,0,-0.0016408991088575592,0.10089559943876046,0.61926077088831,0.9617807665547526,-0.021556170508206574,0.2729708566832259,-0.08043747167115439,0.9306707205365883,0.3569059022866669,-0.26173950835994436,-0.36522231784069376,0.893367275153151,0.08
2025-07-31 16:08:11.076,1,0,-0.0016472617229028375,0.10078034544056608,0.6189188540476989,0.9613090356166849,-0.02157265289877852,0.274626216317064,-0.08134591342904085,0.9302412500084443,0.35781847234473874,-0.26318772845653915,-0.36631385099342934,0.8924944717813386,0.08
2025-07-31 16:08:11.109,1,0,-0.0017210149904687546,0.10128204845727332,0.620798989892339,0.9610052555942373,-0.020159523900142695,0.2757942934804392,-0.07985640640606428,0.9346162964146411,0.34657659013858544,-0.2647486601971095,-0.3550858657737577,0.8965613056849691,0.08
2025-07-31 16:08:11.140,1,0,-0.0017428140372707061,0.1012086467569499,0.6206041131902298,0.9614416667365253,-0.020086007040803322,0.27427444974705406,-0.08046590699269027,0.9331365447315937,0.3504018074985138,-0.26297368551765066,-0.3589606401926799,0.895540116085106,0.08
2025-07-31 16:08:11.172,1,0,-0.0016129302691726554,0.10088865081270303,0.6193776164493572,0.9615677145467594,-0.0216707558905867,0.27371136015966263,-0.08025523516234379,0.9311610180947929,0.3556659325964533,-0.26257689839427767,-0.36396364752513205,0.8936351804342992,0.08
2025-07-31 16:08:11.204,1,0,-0.0017096986004167493,0.10136390361039976,0.6206149357231429,0.9608910940027791,-0.020104206533402724,0.27619581160076534,-0.08105357400976598,0.9332667371621639,0.3499192984774228,-0.26479921375711546,-0.3586209951834256,0.8951381782759926,0.08
2025-07-31 16:08:11.236,1,0,-0.0017616301406673395,0.10119873672738054,0.6205013422203735,0.9614200227139761,-0.019198648202069735,0.27441383316420387,-0.08098504569710657,0.9335977345894068,0.34905113141625155,-0.26289344285869115,-0.3578081635132727,0.8960247517926964,0.08
2025-07-31 16:08:11.286,1,0,-0.0017455909097711378,0.10133117391625487,0.6207615001717076,0.9616878219695187,-0.01950954016663642,0.2734518438738517,-0.07967418566542245,0.9345209225027938,0.3468755822237693,-0.26231385250130185,-0.3553730761425429,0.8971629838211738,0.08
2025-07-31 16:08:11.316,1,0,-0.0017174716295517583,0.10138728118446154,0.6208679300677132,0.9611240978710378,-0.020321351278954958,0.2753679559676123,-0.08022877164901931,0.9337084645784318,0.34892957365961,-0.2642041117985734,-0.35745705456290133,0.8957793486411382,0.08
2025-07-31 16:08:11.349,1,0,-0.0017106176977201247,0.10131967265507359,0.6209572391031147,0.9618533105113868,-0.020470014457471875,0.2727988041879887,-0.07922024832145963,0.933627270092853,0.3493769780550131,-0.2618441546305205,-0.3576605919682482,0.8963908408940546,0.08
2025-07-31 16:08:11.379,1,0,-0.0017003199885062379,0.10133024686791989,0.6207524785360408,0.9608718041791203,-0.02039041548217929,0.276241935429844,-0.08022003194203742,0.9340629441415503,0.34798155533998965,-0.26512284399647734,-0.3565258017845046,0.8958790265728602,0.08
2025-07-31 16:08:11.412,1,0,-0.001733049841332311,0.1013525483283655,0.620683534947761,0.961049934337945,-0.02017965824205953,0.27563708948953936,-0.0800688097527045,0.9342299704211342,0.3475677604032231,-0.26452222858167496,-0.3560999069926315,0.8962258905131135,0.08
2025-07-31 16:08:11.446,1,0,-0.0017599519191606949,0.10122567996622356,0.6203076767470139,0.9609540774426338,-0.019382280865280266,0.2760282381113139,-0.08072143552093675,0.9345181192743783,0.34664093035202553,-0.2646720818178904,-0.35538741105494714,0.8964644316256201,0.08
2025-07-31 16:08:11.476,1,0,-0.0017218528245655602,0.10132561326494512,0.6207307442016212,0.9614261718785173,-0.02026175715324202,0.2743158348037581,-0.07977077964149534,0.9338852575943202,0.3485612548224166,-0.2632419775461498,-0.3569983008993918,0.8962454320176698,0.08
2025-07-31 16:08:11.509,1,0,-0.0016953868881370887,0.10133020046803674,0.62068398299666,0.9606922913026009,-0.020225370876123805,0.2768776910563244,-0.0803730155575122,0.9343677818629661,0.3471268162886183,-0.2657263626401229,-0.35573555148368774,0.8960143512291788,0.08
2025-07-31 16:08:11.540,1,0,-0.0017125519329586638,0.10137392055157247,0.6205265176781689,0.9605366597040726,-0.020935794535432706,0.2773644134919122,-0.08086119445873638,0.9330807941774181,0.35045926834362046,-0.26614055045266727,-0.35905699275241737,0.8945654159201226,0.08
2025-07-31 16:08:11.571,1,0,-0.0017200991621153607,0.10143480133869393,0.6205111076988015,0.9605147803433275,-0.02029268008399865,0.2774879526700536,-0.08085651452704645,0.9339339110831562,0.3481805189660328,-0.2662209247984593,-0.3568692433706312,0.8954165300772184,0.08
2025-07-31 16:08:11.606,1,0,-0.0017537221650124413,0.10129392972131357,0.6202806709968908,0.9607286038349432,-0.01969209430766755,0.27679012120221635,-0.08068097488140424,0.9345628345960952,0.3465297800823143,-0.26550165736873643,-0.35525276862184885,0.8962724699113352,0.08
2025-07-31 16:08:11.637,1,0,-0.0017136931935238385,0.1013831486989477,0.6209122770544139,0.9610675415353997,-0.020193124428623754,0.275574705539013,-0.08039986347957273,0.9337363369630949,0.34881558879615493,-0.26435779269688586,-0.3573915090773034,0.8957601613601032,0.08
2025-07-31 16:08:11.684,1,0,-0.0017122647018390869,0.10130389559612671,0.620425983391843,0.9604046190488504,-0.02012018027847773,0.2778815324111951,-0.08139459748755018,0.9336140855570874,0.34891210748445484,-0.26645428727921083,-0.3577148551499722,0.8950096062029514,0.08
2025-07-31 16:08:11.716,1,0,-0.001703527147335137,0.10141750698524503,0.6207102645526522,0.9606982554782665,-0.02044384217019074,0.27684094935239456,-0.08025392677418164,0.9342431924801325,0.34748951716829485,-0.26574079317699617,-0.356050146217988,0.8958851065956004,0.08
2025-07-31 16:08:11.747,1,0,-0.0017170201130006506,0.10144741921745033,0.620624773479987,0.9607350693691425,-0.020296501981852788,0.2767240114113136,-0.08083756665985958,0.9335819983907073,0.3491273980903347,-0.2654306205033265,-0.35778863074183176,0.8952842461537588,0.08
2025-07-31 16:08:11.780,1,0,-0.001733619576676812,0.1013638586206724,0.6202374095858508,0.960373085136517,-0.020903930061796305,0.2779326592060394,-0.08127921688566872,0.9328358517024703,0.3510141915663524,-0.26660312497759914,-0.3596947309684965,0.8941713897601956,0.08
2025-07-31 16:08:11.810,1,0,-0.0017331196306243993,0.10138969215198423,0.6210332119034341,0.9619520340063739,-0.019605530042663244,0.27251405002815426,-0.07883297193147165,0.9350843602136,0.34554681567100914,-0.2615982545955782,-0.35388255463595375,0.8979607400754659,0.08
2025-07-31 16:08:11.845,1,0,-0.0017095354503802117,0.10128424350562887,0.6209375353695387,0.9611553950343917,-0.019587940584337382,0.27531185804455804,-0.08025348535852111,0.934548200364991,0.34666848613966394,-0.2640827231836495,-0.3552970219101494,0.8966740441976041,0.08
2025-07-31 16:08:11.875,1,0,-0.0017142448400623259,0.10133377481615483,0.6206594999007684,0.9609987778259695,-0.02085657569051025,0.2757650309003287,-0.08060216898528633,0.9327377678248965,0.3514307141214269,-0.2645461006551799,-0.3599517463820599,0.8946787696735877,0.08
2025-07-31 16:08:11.909,1,0,-0.0016895917760555823,0.1013877995320347,0.6208070446152165,0.9605433202415754,-0.020714471866364492,0.2773579647217441,-0.08017500462624921,0.9342694415349829,0.34743715870224945,-0.26632404805513077,-0.3559656180998507,0.8957454884945386,0.08
2025-07-31 16:08:11.941,1,0,-0.0017406998075877194,0.10127699701680017,0.620607875136753,0.9611990175805524,-0.019636753479882807,0.2751560403024999,-0.07954803441903383,0.9353595749611977,0.344636875201241,-0.26413738626375644,-0.3531527480300526,0.8975046393955706,0.08
2025-07-31 16:08:11.971,1,0,-0.0017200422810418326,0.10133864975296722,0.6207587931549334,0.9611656864078255,-0.02029809618769568,0.2752244730457824,-0.07944428897236813,0.934724297565217,0.3463799828091771,-0.2642898564490292,-0.35479356650363036,0.8968123532522205,0.08
2025-07-31 16:08:12.004,1,0,-0.001725631138504265,0.10140524905103368,0.6209796739729986,0.9614106796282709,-0.019947242248410324,0.27439317160488863,-0.07941994978809896,0.9347840844810597,0.3462241860075098,-0.2634045874170806,-0.3546559218842823,0.8971271929888467,0.08
2025-07-31 16:08:12.036,1,0,-0.001692936612357278,0.1014011665746736,0.6210145794081262,0.9612062524302702,-0.020165332253525237,0.2750925292770774,-0.08002406919508354,0.9340421274240219,0.34808253697459013,-0.2639672112941591,-0.3565931344996863,0.8961934209696439,0.08
2025-07-31 16:08:12.084,1,0,-0.0017067872757062135,0.10131094267058732,0.6203945643411363,0.9602666667282536,-0.020305031348414992,0.278344452922182,-0.0808075760175142,0.934398370929307,0.346943540165876,-0.26712930282689423,-0.3556506573965483,0.8956308086843711,0.08
2025-07-31 16:08:12.118,1,0,-0.0017077668157831861,0.10141438967104889,0.620969659609561,0.9612980849076861,-0.020116146380621147,0.2747750581978076,-0.07928981094847598,0.9349369763640847,0.3458409693875774,-0.26385434965633986,-0.3542431239727566,0.8971581194446452,0.08
2025-07-31 16:08:12.148,1,0,-0.001732422080291715,0.10134656948407755,0.6208585422386116,0.9615836576956619,-0.02036737818177567,0.2737554367654328,-0.07903511005747801,0.9344766684191655,0.3471409044731253,-0.26288841859396295,-0.35544131173263704,0.8969677548735783,0.08
2025-07-31 16:08:12.181,1,0,-0.0017360675566604688,0.10135463959298395,0.6205220656518516,0.9607531328009317,-0.020089168545994462,0.2766764231377972,-0.08043521075731311,0.9343530950372967,0.3471519417555544,-0.2654874661516461,-0.3557818420062439,0.896066786693393,0.08
2025-07-31 16:08:12.213,1,0,-0.0017176693088571968,0.10131344135102811,0.6204417681580786,0.9602950738244632,-0.020486958705132452,0.2782330960031218,-0.0805305870858386,0.9344931570489164,0.34675259764327343,-0.26711083042826694,-0.35539108592051366,0.8957393484246183,0.08
2025-07-31 16:08:12.244,1,0,-0.0016919839529785062,0.10137456133705779,0.6206986309884517,0.960903204855202,-0.020241497387781582,0.27614364501560085,-0.08072346372214367,0.9335187995902127,0.3493227350407467,-0.2648560992382496,-0.35795660713995536,0.8953872425387521,0.08
2025-07-31 16:08:12.277,1,0,-0.0017096071502687295,0.10130767838147586,0.620365211222956,0.9604542391717873,-0.020264410871094984,0.27769949245360726,-0.08105009816739406,0.9338116934215954,0.3484632015237031,-0.2663804347995539,-0.3571905302232138,0.8952409670445495,0.08
2025-07-31 16:08:12.309,1,0,-0.001721130876328043,0.10140649804990799,0.6207897716097031,0.9612386746860974,-0.020568209867244613,0.2749493753958557,-0.07957472761273854,0.9340836887817037,0.3480740224109293,-0.2639849863402701,-0.35646123364935856,0.8962406573527585,0.08
2025-07-31 16:08:12.341,1,0,-0.0017532482200221112,0.10128926482401518,0.620128324478381,0.9608545801530559,-0.02028013968448278,0.27630995590689794,-0.08098958393911357,0.9331931363399499,0.3501303437027086,-0.26495124663277825,-0.35880257276444577,0.895020419144363,0.08
2025-07-31 16:08:12.372,1,0,-0.0017372041736534848,0.10129294382780202,0.6201877372404145,0.9605325143416714,-0.01962850743234179,0.2774743422164388,-0.08098117831419621,0.9345687741239785,0.34644372586503647,-0.2661190291041045,-0.3552406622676839,0.8960941547740986,0.08
2025-07-31 16:08:12.404,1,0,-0.0017068758601788284,0.10140210735129773,0.6207054514831744,0.9608015923171888,-0.020273074244669786,0.2764946702224546,-0.08026685887839602,0.9342663240347219,0.34742433297114367,-0.2653630184606542,-0.3559992110037867,0.8960173157914595,0.08
2025-07-31 16:08:12.436,1,0,-0.0017004705234183737,0.10130355991549214,0.6203408125332917,0.9604173765851806,-0.02041617056391437,0.2778158431996709,-0.08117390440587946,0.9335170695282907,0.34922296336698305,-0.26647562739722386,-0.35795119901854944,0.8949087546361577,0.08
2025-07-31 16:08:12.485,1,0,-0.0017267987244775208,0.10126438564289872,0.6200371513702173,0.9601906307787301,-0.020910189208244556,0.27856187203567634,-0.08132262054502196,0.9330791285740172,0.3503569197364925,-0.26724629829510355,-0.3590628131773438,0.8942333656494463,0.08
2025-07-31 16:08:12.516,1,0,-0.00174717272628174,0.10135204841240607,0.6205525537846344,0.9609781020379096,-0.01970244767558088,0.27592191098063934,-0.07958164942164381,0.9356008409403735,0.3439735854785897,-0.2649298935170349,-0.35250940411180104,0.897523967108286,0.08
2025-07-31 16:08:12.548,1,0,-0.0017362140083117981,0.10147759838718508,0.6211047028968677,0.9617806027317344,-0.01979157895487449,0.2731050450128213,-0.07860213668212512,0.9354529828078411,0.3446003787939269,-0.26229711458189303,-0.35289660009468266,0.8981448732379577,0.08
2025-07-31 16:08:12.578,1,0,-0.0017331734079693323,0.10135588869407652,0.6204634848906012,0.960780284632301,-0.020874580847304258,0.27652395291606113,-0.08039813584528038,0.9333674442389996,0.3498018779071394,-0.26540042278504095,-0.35831475815155417,0.8950827613557949,0.08
2025-07-31 16:08:12.611,1,0,-0.0017110054106945663,0.10137236891577471,0.6203213226422435,0.9602306020962965,-0.020937522178872958,0.27842200157816765,-0.08121605317620917,0.9331203767569268,0.35027177332392895,-0.2671350660326404,-0.3589540118817729,0.8943102782869695,0.08
2025-07-31 16:08:12.644,1,0,-0.0017153645109891592,0.10135529397538978,0.6202693016489663,0.9602871781284659,-0.020995092248172975,0.2782224678626069,-0.08123285033006078,0.9329294302381278,0.35077614260781115,-0.26692650589501704,-0.35944663622998646,0.8941746787701077,0.08
2025-07-31 16:08:12.676,1,0,-0.0017343665986903805,0.10137775324030601,0.6203998128661145,0.9606813433554774,-0.02056475972953048,0.2768906773186535,-0.08062909887263447,0.9336157811203685,0.34908526416620794,-0.2656883605725004,-0.3576851463232307,0.8952491447390643,0.08
2025-07-31 16:08:12.709,1,0,-0.0017308329433671473,0.10136072793218312,0.6207237775553901,0.9611237116785273,-0.02078780911509842,0.27533448356768886,-0.07939006760884243,0.9342509783514855,0.3476669765944931,-0.26445874539208397,-0.35600979823803525,0.8962804223813874,0.08
2025-07-31 16:08:12.740,1,0,-0.00172182775341279,0.10136474759193503,0.6206787870311936,0.96087318872237,-0.020746665539997877,0.27621059187416386,-0.07970360347305748,0.9343057874438053,0.3474478826276243,-0.26527353955476607,-0.35586833438503795,0.8960957972193067,0.08
2025-07-31 16:08:12.773,1,0,-0.0017154684060500351,0.10139688752370964,0.6207765151226059,0.9608739249927651,-0.020247488753403653,0.27624507139165216,-0.08014094356926371,0.9343454531145325,0.34724055553467215,-0.26513907564300343,-0.35579293619095426,0.8961655299796982,0.08
2025-07-31 16:08:12.804,1,0,-0.0017016730129098719,0.10142123735678561,0.6209754148851303,0.9612214762171456,-0.020646715509390345,0.275003612335558,-0.07996934051717747,0.9334795418392834,0.34960098618964014,-0.2639283581508044,-0.35803583355049184,0.8956294790021291,0.08
2025-07-31 16:08:12.836,1,0,-0.0017025537993980116,0.10144017671295955,0.6209970633209148,0.9609082471924196,-0.02042536355201019,0.27611255857233385,-0.07937160377223645,0.9350941231563508,0.3453970604291211,-0.2652460913797136,-0.35381038051790265,0.8969184609793477,0.08
2025-07-31 16:08:12.884,1,0,-0.0017227032842885178,0.10140244429889891,0.620766461160854,0.9613861704591838,-0.020143373374948537,0.2744647076745977,-0.0801672915581361,0.9335665321400395,0.34932325349488874,-0.26326761406230303,-0.35783763717236183,0.8959031135166589,0.08
2025-07-31 16:08:12.917,1,0,-0.001727246782230569,0.1013565750170669,0.6205429382136483,0.9608572914857849,-0.020635335100471802,0.27627422670942875,-0.07998129080567273,0.9340999520268891,0.34793716781111694,-0.2652475419672349,-0.35641473393878403,0.8958863091440151,0.08
2025-07-31 16:08:12.947,1,0,-0.0017265683740306183,0.10131503127854327,0.6203787117501148,0.9606064141766524,-0.01980615360586091,0.2772057599005031,-0.08078136195216262,0.9344903366345847,0.3467018637067506,-0.26591293425448115,-0.3554370929094508,0.8960774432939658,0.08
2025-07-31 16:08:12.981,1,0,-0.0017086125320170912,0.10137160440823141,0.6205386080227658,0.960914490673412,-0.02002827750868902,0.2761199190820763,-0.08114895326254534,0.9331935549652255,0.35009232547394925,-0.2646850751331677,-0.35881563102991954,0.8950939358136385,0.08
2025-07-31 16:08:13.013,1,0,-0.0017097936637454226,0.10131351451794651,0.6204135845137616,0.9605818820006843,-0.020298117700288387,0.27725517919391285,-0.08085937128124909,0.933810179957941,0.34851156348522944,-0.2659778375128736,-0.3571925730257324,0.8953598470599584,0.08
2025-07-31 16:08:13.045,1,0,-0.0017072145609937053,0.1014366571164424,0.6210737144775159,0.9616346285628091,-0.020562123968802637,0.2735617667123099,-0.07905067278690389,0.9341205271268129,0.3480945732588526,-0.2626972254912612,-0.3563650373678884,0.8966571964028266,0.08
2025-07-31 16:08:13.075,1,0,-0.0017303921475528227,0.10135000348679679,0.620464712147799,0.9607685956344747,-0.019946271976776175,0.27663306360011863,-0.08114371236412943,0.9335539916476608,0.3491312684685906,-0.2652157679820833,-0.35788139224182647,0.895310842948261,0.08
2025-07-31 16:08:13.108,1,0,-0.0017234010212489903,0.1013350411772593,0.620561514738223,0.9607614267501825,-0.020287696776693787,0.27663313291876457,-0.08007479563694536,0.9345727607599807,0.3466435949922772,-0.26556639089435885,-0.3551931364834706,0.8962769258562776,0.08
2025-07-31 16:08:13.140,1,0,-0.0017139393794396562,0.10136623757989581,0.6206094890850674,0.960993094244617,-0.019986208907803282,0.2758492781713411,-0.08072920856601018,0.9336802721127502,0.34888958762302874,-0.2645280092891146,-0.35754957826986056,0.8956468229054257,0.08
2025-07-31 16:08:13.172,1,0,-0.001719584718335229,0.1012907102176377,0.6203650708466598,0.960759617356761,-0.020748321321523266,0.27660525088802895,-0.08040386351568085,0.9335545355493676,0.3493009417206834,-0.2654734947000216,-0.35783436995004164,0.8952532531603636,0.08
2025-07-31 16:08:13.202,1,0,-0.0017266898834444521,0.10127788227478716,0.6201891716067529,0.960645479945441,-0.020215524633944937,0.27704078115715713,-0.08093461441498637,0.9337054110039649,0.3487747032848194,-0.2657251400411541,-0.3574710310300552,0.8953237469901144,0.08
2025-07-31 16:08:13.235,1,0,-0.0017230135281877347,0.10135465241311252,0.6206609462956267,0.9608089026390341,-0.020779944616644896,0.27643163080824296,-0.07977510875551094,0.9342764586818214,0.3475103318982082,-0.2654848105497224,-0.3559433840580347,0.8960034166858364,0.08
2025-07-31 16:08:13.284,1,0,-0.0017246967355335314,0.1013929713871992,0.6207296410558025,0.9611548657659504,-0.020029701171308034,0.2752819192853502,-0.07971693637949911,0.9347142469479711,0.34634446235901495,-0.26424710796658646,-0.35483529647355594,0.8968084401408245,0.08
2025-07-31 16:08:13.314,1,0,-0.0017186540246789124,0.10143178664219744,0.6209516072872093,0.9612166218513547,-0.020513110678391178,0.27503057678550036,-0.07945678376603546,0.9343500430237017,0.34738540069376006,-0.26410078642485413,-0.35576566640402896,0.8964828861823692,0.08
2025-07-31 16:08:13.354,1,0,-0.0017073356228354756,0.10137321144197232,0.6208734986685648,0.9614116043622503,-0.020419449536101753,0.2743551950997951,-0.07924927305101992,0.9344158465073252,0.3472557825535572,-0.2634526138008293,-0.3555981887983136,0.8967400116002798,0.08
2025-07-31 16:08:13.384,1,0,-0.0017163124170772644,0.10136044216245636,0.621061144648178,0.9619018219209847,-0.01984092975813251,0.27267420576838974,-0.07901481175983932,0.9346254796867164,0.34674467875215054,-0.2617279971796034,-0.35507963927365327,0.8974502243944483,0.08
2025-07-31 16:08:13.413,1,0,-0.0017247237001587706,0.10121576265831016,0.6205846014193227,0.9609176020123643,-0.02028768192164282,0.2760901521334169,-0.08048202995417547,0.9337618446278748,0.3487283475308605,-0.2648773395314561,-0.35731950335714346,0.8956353987663406,0.08
2025-07-31 16:08:13.446,1,0,-0.0016477817294511723,0.10088136656107778,0.6191406892938138,0.9615843945166435,-0.021723893229122437,0.27364854226732044,-0.08003032594176318,0.9313735220838892,0.3551598362578543,-0.26258446098677457,-0.36341633813578106,0.89385567404602,0.08
2025-07-31 16:10:45.879,2,0,0.0011071287550348786,0.20902980778166846,0.5709684098692869,0.9787992991553656,-0.030200316850662073,0.20258300233505377,-0.07275483133372629,0.8733047885155879,0.4817109930999554,-0.19146453063313276,-0.4862372746076382,0.8525928959893874,0.08
2025-07-31 16:10:45.911,2,0,0.0010071110008940938,0.20924404304508235,0.5715683366199462,0.9770007459678056,-0.031043206249030342,0.21096412425844224,-0.07457846280796432,0.8771179915697875,0.47444924043545805,-0.19976885458837768,-0.4792706419241243,0.8546297774627827,0.08
2025-07-31 16:10:45.942,2,0,0.0009892228835425357,0.2091623177549606,0.5713326928973803,0.9765674023638652,-0.031153315324688624,0.21294501540203334,-0.07647242213578648,0.8746615800239907,0.4786638581328466,-0.2011667897367201,-0.48373194165179567,0.8517836176710644,0.08
2025-07-31 16:10:45.974,2,0,0.0009900288203004567,0.20921562478725486,0.5714456001863677,0.9766254869891441,-0.030644470518906286,0.21275237857620655,-0.07608130591212509,0.8764276762942882,0.47548518706275195,-0.20103306457874848,-0.48055743116927285,0.8536101348356089,0.08
2025-07-31 16:10:46.004,2,0,0.0011329817335541932,0.20907397024637434,0.5712101409543525,0.9790084153100721,-0.029893703757586515,0.2016156968782811,-0.07247214083296184,0.87348666281115,0.4814237620788233,-0.19050016156200134,-0.4859294355837006,0.8529843328444887,0.08
2025-07-31 16:10:46.036,2,0,0.0011289879318720048,0.20905924308601814,0.5712095785134422,0.9792868995947362,-0.03005185216871306,0.20023499809813095,-0.07124557360842641,0.8745390041021657,0.47969323379134526,-0.18952898597136794,-0.4840231569720831,0.8542835284561228,0.08
2025-07-31 16:10:46.069,2,0,0.0011241270483834198,0.209054212942653,0.5711649586369425,0.9792029330530692,-0.029757682759033843,0.200689053555691,-0.07198037646464128,0.8738797558471585,0.4807837327993936,-0.18968511091879303,-0.48523051494864056,0.8535636508535274,0.08
2025-07-31 16:10:46.103,2,0,0.0011256069180431423,0.209007255018654,0.5710850938777774,0.9789565613038159,-0.03003743076417656,0.2018459903820139,-0.0720481856643813,0.8745365100372934,0.47957788893386455,-0.19092697562858846,-0.48402855841869336,0.8539691122121701,0.08
2025-07-31 16:10:46.135,2,0,0.0010643970264422502,0.20943933476421295,0.5722631355798034,0.9783303277582851,-0.030644790430883917,0.20476978929474482,-0.0690721582052628,0.8840264135620244,0.46230545863696165,-0.1951891563310681,-0.46643134215456783,0.8627531491143073,0.08
2025-07-31 16:10:46.166,2,0,0.0011906573053776033,0.20921855166305778,0.5717418659770102,0.9804351084104497,-0.02965160245567397,0.19459645594923075,-0.06730254111757997,0.8785130939326498,0.47295360422350047,-0.18497936683670074,-0.4767971542078389,0.8593294522963818,0.08
2025-07-31 16:10:46.214,2,0,0.0011625319683514395,0.20918742690890588,0.5715869259932,0.9802318497819928,-0.029418861094434756,0.19565288468325392,-0.06792330946515795,0.8787469266057649,0.4724301673392827,-0.18582772856673654,-0.47638048825789314,0.8593774989507805,0.08
2025-07-31 16:10:46.247,2,0,0.0011710683901638643,0.2091926270264991,0.5716478989355622,0.9805011790177836,-0.029455497416169485,0.1942931074863476,-0.06755553276767501,0.8779213115071103,0.47401521156404963,-0.1845364135806561,-0.47789804820024234,0.8588129991966749,0.08
2025-07-31 16:10:46.279,2,0,0.0011833465941021414,0.2092368807923965,0.571751903289636,0.9804548863859062,-0.0295419169921185,0.1945134722903009,-0.06681552321716008,0.8799074767990978,0.4704237644191273,-0.18505107840597956,-0.474225797920649,0.8607357265545028,0.08
2025-07-31 16:10:46.311,2,0,0.001072665585413769,0.20937357947904792,0.5720855654143369,0.9779804943550743,-0.03082674229966531,0.20640703626619541,-0.06986770748343518,0.8835972084435455,0.46300591430540405,-0.19665364505142943,-0.4672319393940916,0.8619870409107219,0.08
2025-07-31 16:10:46.342,2,0,0.001181661054084015,0.20924730981266337,0.571953234964072,0.9816085225369156,-0.029257101117213635,0.18864975620739935,-0.06471135403016837,0.8786891260228064,0.4729882244505241,-0.17960275371629544,-0.47649705334187975,0.8606354681362077,0.08
2025-07-31 16:10:46.374,2,0,0.0011287990352954655,0.2090637254923389,0.5714491624864788,0.980412993255456,-0.029758046608444944,0.1946916056688814,-0.06875277989997514,0.8746231348074204,0.4799035604323719,-0.18456277498971224,-0.4838892752703776,0.855445937138289,0.08
2025-07-31 16:10:46.405,2,0,0.0010955522365940786,0.2089679138388853,0.5710192718320649,0.9794538426496373,-0.029602848345678556,0.19948393792153138,-0.0716726596438467,0.873492859057623,0.4815321952215843,-0.18850251981985794,-0.48593610335636045,0.8534242224570385,0.08
2025-07-31 16:10:46.437,2,0,0.0011112745726473798,0.20908414525540941,0.5715140411251449,0.9805951561292897,-0.02992219828981857,0.19374674661856384,-0.06864590796235642,0.873309154850527,0.4823057737310241,-0.18363245654240123,-0.48624662683021563,0.8543086905799566,0.08
2025-07-31 16:10:46.470,2,0,0.001056765722585242,0.20966812352514877,0.573176084312205,0.9823436956506675,-0.029404599257445874,0.18475993385444064,-0.06218048168164325,0.8801126171131799,0.4706754390193182,-0.17644957158697525,-0.4738535119007752,0.8627446887382586,0.08
2025-07-31 16:10:46.501,2,0,0.0010373805823987083,0.20948681329448499,0.5727402592265884,0.9816287853089,-0.030161280789813116,0.18840176483804874,-0.06376416268215085,0.8787967693776455,0.47291687397348997,-0.1798306409108792,-0.4762420973334167,0.8607289964425799,0.08
2025-07-31 16:10:46.533,2,0,0.0008804161041954441,0.20878896236288788,0.5705772445455695,0.9777531967660631,-0.03303099265990338,0.20714159345154612,-0.07388822673494488,0.8699919878513768,0.4874981754061999,-0.196314075307171,-0.4919582244442206,0.848196845807611,0.08
2025-07-31 16:10:46.565,2,0,0.0005900296256285006,0.2086975462933956,0.5700386535259186,0.9777924789721353,-0.031685901269910666,0.20716629003348963,-0.07595452688401377,0.8677227381767436,0.491210911418792,-0.19532736088769567,-0.4960375523201525,0.8460460795824775,0.08
2025-07-31 16:10:46.614,2,0,0.00044341325155837415,0.20949482858727092,0.5718907163980944,0.9780300631433875,-0.03108826804758491,0.20613276104865913,-0.07282397998404672,0.8755675193485326,0.4775753207622236,-0.19533013983260555,-0.48209442918546475,0.854067384824708,0.08
2025-07-31 16:10:46.644,2,0,0.00043438519221532126,0.20958334298803172,0.5720951841525923,0.9767679111758074,-0.03276073126108303,0.21178097691834713,-0.07498135537339301,0.8735334747145652,0.4809543272489263,-0.2007541881097859,-0.48566037828953823,0.850783023406111,0.08
2025-07-31 16:10:46.676,2,0,0.0004557330921525868,0.20952745587589144,0.5719164187390416,0.9765353445552728,-0.03346926136315165,0.212740521241535,-0.07477644833101832,0.8736927562870807,0.4806968383362662,-0.20195842049618412,-0.4853254332458674,0.8506891443032512,0.08
2025-07-31 16:10:46.710,2,0,0.00046843065439319657,0.2093182602294587,0.5720043943089622,0.9777482608175835,-0.03358865624851787,0.20707520527482348,-0.07342488050604007,0.8698688271587015,0.48778787444976357,-0.19651240518314647,-0.49213821809422953,0.8480464898224456,0.08
2025-07-31 16:10:46.740,2,0,0.000877682351091398,0.2094963193573357,0.5728588931114956,0.9834367495565288,-0.027387254563004837,0.17917058326966068,-0.06098816896742776,0.8808765137915746,0.46940069311453125,-0.17068275503896033,-0.47255317768257893,0.8646160369750304,0.08
2025-07-31 16:10:46.774,2,0,0.0008538880213510442,0.20958437168650007,0.5731913068151053,0.9840393470407628,-0.02619465963971601,0.1760125088791987,-0.060395720551030485,0.8812348870272623,0.46880425640684,-0.16738853131177298,-0.4719522366642707,0.8655877574763172,0.08
2025-07-31 16:10:46.805,2,0,0.0007981862299213727,0.20960061589179016,0.5732410436587284,0.9842100935276531,-0.02532459354776584,0.17518320912670093,-0.06079586328444797,0.8811354879656652,0.46893935093464745,-0.1662358409182198,-0.4721852568739838,0.8656828104941567,0.08
2025-07-31 16:10:46.837,2,0,0.000827787346460025,0.20959085245196973,0.573242804593334,0.9836157397664564,-0.025500071980265493,0.17846518655661558,-0.06166018474376794,0.8826545569577506,0.46596025012771347,-0.16940513009071104,-0.46933003250454597,0.8666205758509493,0.08
2025-07-31 16:10:46.870,2,0,0.0009564871463321888,0.20972477553767638,0.5741569614784963,0.9855081909881012,-0.030404468230519677,0.1668807173012518,-0.05187872113513514,0.8826396686940268,0.4671785670823114,-0.16149985693103225,-0.46906586270940476,0.8682712782603936,0.08
2025-07-31 16:10:46.902,2,0,0.0009210930458270381,0.20907040582173425,0.5727721688410707,0.9812937949320495,-0.03150815802383572,0.18992030961906556,-0.06164776176196915,0.8831402117875948,0.4650407721840124,-0.1823788405972475,-0.46804978613573567,0.8646776024627305,0.08
2025-07-31 16:10:46.934,2,0,0.0009124737493113458,0.20903369935272148,0.5727996486532614,0.980738230170972,-0.031876996773457456,0.1927080199623627,-0.06269548430051439,0.8830154697362098,0.4651375672366887,-0.18499135149901835,-0.4682601171178751,0.8640084852519219,0.08
2025-07-31 16:10:46.966,2,0,0.0009692730381023125,0.20858169013362,0.5717881834661158,0.98068535848689,-0.03340999643998166,0.19271740914437482,-0.06269393700510634,0.8796210670289584,0.4715254486256668,-0.18527195662657556,-0.4745003167298384,0.8605368972397658,0.08
2025-07-31 16:10:47.014,2,0,0.000862505729144594,0.2096157446440169,0.5743860090482753,0.9847651685573386,-0.02984655146866949,0.17130892026296876,-0.05475471112287225,0.8818219971943031,0.46839287662613033,-0.16504388630327071,-0.470636960543558,0.866753348400936,0.08
2025-07-31 16:10:47.047,2,0,0.0008742343503158486,0.20905231765702795,0.5729767845720737,0.9811653975160076,-0.031942270976427156,0.19051024655415205,-0.06302560277297636,0.879327529288304,0.47202846273379445,-0.18259856547179745,-0.4751450174005771,0.8607525639387007,0.08
2025-07-31 16:10:47.077,2,0,0.0009053477106750913,0.20867221065547834,0.5724125446910973,0.9798593260682661,-0.034156030660375314,0.19674619865850315,-0.06631010988733277,0.8737003100882155,0.4819239955412944,-0.18835782554429098,-0.4852639835401791,0.8538385068822694,0.08
2025-07-31 16:10:47.110,2,0,0.0009362795124557954,0.20839824597047343,0.5718618758927005,0.9795615027568854,-0.036003897303458376,0.19789639131534004,-0.06721162484467952,0.8687119828495939,0.490736271676819,-0.1895833848268625,-0.4940072977522585,0.8485369349445557,0.08
2025-07-31 16:10:47.142,2,0,0.0009595539088561166,0.20837181848912867,0.5720566727289482,0.980579502403024,-0.03330493889861391,0.19327343457391438,-0.06857793636953101,0.8650385962546647,0.4969962712466321,-0.18374141098384472,-0.5005986496533115,0.8459551322942293,0.08
2025-07-31 16:10:47.173,2,0,0.0008295422015287693,0.20817549923263215,0.5719172830603129,0.9784961112746937,-0.03250642736746395,0.20368773257146722,-0.07429617312982284,0.8656740709434567,0.49506411862954225,-0.19241995447085303,-0.4995515339541915,0.8446436088939813,0.08
2025-07-31 16:10:47.206,2,0,0.0007807310337398009,0.20777044289454813,0.5713483298105018,0.9769501600740869,-0.033146607353065405,0.21087837051769256,-0.07828695200627167,0.863406173222936,0.4983983679609047,-0.19859390191237805,-0.5034193902319489,0.8409098522800821,0.08
2025-07-31 16:10:47.235,2,0,0.0007757671984081462,0.2077296573938046,0.5713693743664822,0.9764861101505464,-0.03282403301887232,0.213066795957117,-0.07925992854343777,0.8644551438735576,0.49642236851076316,-0.20048127196909163,-0.5016372066413364,0.8415268103291376,0.08
2025-07-31 16:10:47.268,2,0,0.0007883373833493085,0.20783794484380025,0.5716886807285975,0.9771587745364805,-0.032697411964256906,0.20998001951900652,-0.07745079211714279,0.8653364703056221,0.49517084724308424,-0.19789417411028004,-0.5001236571187634,0.8430386844287536,0.08
2025-07-31 16:10:47.302,2,0,0.0007458587629157675,0.2076184864838152,0.5710432114034955,0.9758204435811045,-0.03293968599108693,0.2160773911726644,-0.08132751289404466,0.8628805663841036,0.4988215751179147,-0.2028800077278316,-0.5043333275160953,0.8393375943092851,0.08
2025-07-31 16:10:47.332,2,0,0.0007163514044892814,0.20775549067812052,0.571369486667868,0.976140209350404,-0.0319515550557512,0.21477753564762844,-0.08076556447215277,0.8647234606990728,0.49571187207097717,-0.20156193907790115,-0.501230919483363,0.8415107545771585,0.08
2025-07-31 16:10:47.365,2,0,0.0007021980276731227,0.20790360952449566,0.5717107384979021,0.9766786000096221,-0.030777224733148756,0.21248923436487518,-0.07960699285411715,0.8672241892653,0.491512901399208,-0.19940320702528871,-0.4969657613869072,0.844549224756711,0.08
